# Mead power spectrum in the form
# P_\delta(k) = k^3/(2pi^2) \Delta(k)
# columns:
# 1: k in h Mpc^{-1}
# 2: \Delta(k)
#
        0.0009999999        0.0000000780
        0.0010115913        0.0000000817
        0.0010233164        0.0000000855
        0.0010351781        0.0000000895
        0.0010471767        0.0000000937
        0.0010593148        0.0000000981
        0.0010715933        0.0000001027
        0.0010840144        0.0000001075
        0.0010965791        0.0000001126
        0.0011092899        0.0000001178
        0.0011221475        0.0000001233
        0.0011351547        0.0000001291
        0.0011483121        0.0000001352
        0.0011616226        0.0000001415
        0.0011750868        0.0000001481
        0.0011887077        0.0000001550
        0.0012024858        0.0000001623
        0.0012164243        0.0000001699
        0.0012305237        0.0000001778
        0.0012447870        0.0000001862
        0.0012592152        0.0000001949
        0.0012738112        0.0000002040
        0.0012885764        0.0000002135
        0.0013035121        0.0000002235
        0.0013186216        0.0000002339
        0.0013339055        0.0000002449
        0.0013493673        0.0000002563
        0.0013650076        0.0000002683
        0.0013808298        0.0000002808
        0.0013968349        0.0000002939
        0.0014130260        0.0000003077
        0.0014294042        0.0000003220
        0.0014459729        0.0000003371
        0.0014627330        0.0000003528
        0.0014796881        0.0000003693
        0.0014968389        0.0000003865
        0.0015141893        0.0000004045
        0.0015317401        0.0000004234
        0.0015494950        0.0000004432
        0.0015674550        0.0000004638
        0.0015856238        0.0000004855
        0.0016040026        0.0000005081
        0.0016225951        0.0000005318
        0.0016414032        0.0000005566
        0.0016604285        0.0000005825
        0.0016796751        0.0000006096
        0.0016991439        0.0000006380
        0.0017188393        0.0000006677
        0.0017387621        0.0000006988
        0.0017589168        0.0000007314
        0.0017793041        0.0000007654
        0.0017999286        0.0000008010
        0.0018207913        0.0000008383
        0.0018418968        0.0000008773
        0.0018632459        0.0000009181
        0.0018848435        0.0000009607
        0.0019066904        0.0000010054
        0.0019287915        0.0000010521
        0.0019511478        0.0000011010
        0.0019737643        0.0000011521
        0.0019966420        0.0000012056
        0.0020197856        0.0000012616
        0.0020431976        0.0000013202
        0.0020668800        0.0000013814
        0.0020908380        0.0000014455
        0.0021150727        0.0000015125
        0.0021395891        0.0000015827
        0.0021643888        0.0000016560
        0.0021894770        0.0000017328
        0.0022148548        0.0000018131
        0.0022405281        0.0000018970
        0.0022664978        0.0000019849
        0.0022927695        0.0000020767
        0.0023193446        0.0000021728
        0.0023462290        0.0000022734
        0.0023734237        0.0000023785
        0.0024009349        0.0000024885
        0.0024287638        0.0000026035
        0.0024569165        0.0000027238
        0.0024853942        0.0000028496
        0.0025142033        0.0000029812
        0.0025433463        0.0000031188
        0.0025728259        0.0000032627
        0.0026026471        0.0000034131
        0.0026328154        0.0000035705
        0.0026633332        0.0000037351
        0.0026942035        0.0000039072
        0.0027254329        0.0000040872
        0.0027570231        0.0000042753
        0.0027889805        0.0000044721
        0.0028213074        0.0000046778
        0.0028540101        0.0000048929
        0.0028870904        0.0000051179
        0.0029205556        0.0000053530
        0.0029544074        0.0000055989
        0.0029886530        0.0000058559
        0.0030232954        0.0000061246
        0.0030583381        0.0000064056
        0.0030937868        0.0000066992
        0.0031296480        0.0000070062
        0.0031659249        0.0000073272
        0.0032026207        0.0000076626
        0.0032397418        0.0000080133
        0.0032772948        0.0000083798
        0.0033152830        0.0000087630
        0.0033537098        0.0000091633
        0.0033925823        0.0000095818
        0.0034319069        0.0000100192
        0.0034716872        0.0000104763
        0.0035119271        0.0000109540
        0.0035526352        0.0000114532
        0.0035938132        0.0000119749
        0.0036354703        0.0000125200
        0.0036776084        0.0000130896
        0.0037202369        0.0000136848
        0.0037633576        0.0000143066
        0.0038069801        0.0000149563
        0.0038511062        0.0000156351
        0.0038957458        0.0000163443
        0.0039409027        0.0000170851
        0.0039865812        0.0000178591
        0.0040327888        0.0000186675
        0.0040795347        0.0000195120
        0.0041268216        0.0000203941
        0.0041746553        0.0000213155
        0.0042230431        0.0000222777
        0.0042719939        0.0000232828
        0.0043215118        0.0000243324
        0.0043716021        0.0000254285
        0.0044222744        0.0000265731
        0.0044735326        0.0000277684
        0.0045253867        0.0000290164
        0.0045778397        0.0000303195
        0.0046309032        0.0000316800
        0.0046845796        0.0000331005
        0.0047388799        0.0000345834
        0.0047938079        0.0000361315
        0.0048493743        0.0000377474
        0.0049055852        0.0000394344
        0.0049624452        0.0000411949
        0.0050199642        0.0000430325
        0.0050781523        0.0000449504
        0.0051370123        0.0000469518
        0.0051965574        0.0000490405
        0.0052567897        0.0000512200
        0.0053177229        0.0000534943
        0.0053793625        0.0000558672
        0.0054417141        0.0000583429
        0.0055047907        0.0000609258
        0.0055685961        0.0000636202
        0.0056331437        0.0000664309
        0.0056984364        0.0000693626
        0.0057644891        0.0000724205
        0.0058313045        0.0000756098
        0.0058988971        0.0000789359
        0.0059672706        0.0000824045
        0.0060364390        0.0000860214
        0.0061064092        0.0000897930
        0.0061771879        0.0000937249
        0.0062487870        0.0000978244
        0.0063212188        0.0001020982
        0.0063944869        0.0001065533
        0.0064686076        0.0001111971
        0.0065435846        0.0001160373
        0.0066194334        0.0001210819
        0.0066961613        0.0001263391
        0.0067737759        0.0001318173
        0.0068522929        0.0001375257
        0.0069317170        0.0001434735
        0.0070120650        0.0001496700
        0.0070933406        0.0001561255
        0.0071755587        0.0001628499
        0.0072587328        0.0001698547
        0.0073428713        0.0001771500
        0.0074279816        0.0001847479
        0.0075140819        0.0001926603
        0.0076011801        0.0002009001
        0.0076892846        0.0002094781
        0.0077784099        0.0002184099
        0.0078685721        0.0002277081
        0.0079597794        0.0002373878
        0.0080520399        0.0002474623
        0.0081453705        0.0002579480
        0.0082397861        0.0002688613
        0.0083352961        0.0002802178
        0.0084319096        0.0002920345
        0.0085296426        0.0003043287
        0.0086285127        0.0003171206
        0.0087285284        0.0003304269
        0.0088296998        0.0003442678
        0.0089320475        0.0003586639
        0.0090355817        0.0003736363
        0.0091403127        0.0003892056
        0.0092462562        0.0004053951
        0.0093534281        0.0004222276
        0.0094618471        0.0004397279
        0.0095715225        0.0004579203
        0.0096824644        0.0004768303
        0.0097946981        0.0004964840
        0.0099082310        0.0005169106
        0.0100230761        0.0005381352
        0.0101392521        0.0005601898
        0.0102567803        0.0005831048
        0.0103756702        0.0006069102
        0.0104959328        0.0006316382
        0.0106175896        0.0006573227
        0.0107406620        0.0006839982
        0.0108651603        0.0007117008
        0.0109910965        0.0007404658
        0.0111184986        0.0007703335
        0.0112473769        0.0008013409
        0.0113777434        0.0008335281
        0.0115096215        0.0008669376
        0.0116430279        0.0009016139
        0.0117779858        0.0009375993
        0.0119145084        0.0009749432
        0.0120526077        0.0010136882
        0.0121923145        0.0010538853
        0.0123336390        0.0010955861
        0.0124765970        0.0011388393
        0.0126212109        0.0011836981
        0.0127675077        0.0012302239
        0.0129155004        0.0012784678
        0.0130652022        0.0013284881
        0.0132166389        0.0013803475
        0.0133698378        0.0014341102
        0.0135248126        0.0014898353
        0.0136815766        0.0015475922
        0.0138401641        0.0016074495
        0.0140005834        0.0016694728
        0.0141628692        0.0017337382
        0.0143270288        0.0018003178
        0.0144930920        0.0018692882
        0.0146610858        0.0019407311
        0.0148310279        0.0020147271
        0.0150029324        0.0020913528
        0.0151768290        0.0021707022
        0.0153527558        0.0022528640
        0.0155307082        0.0023379223
        0.0157107227        0.0024259686
        0.0158928297        0.0025171123
        0.0160770491        0.0026114427
        0.0162633974        0.0027090602
        0.0164519027        0.0028100677
        0.0166426022        0.0029145826
        0.0168355126        0.0030227122
        0.0170306507        0.0031345633
        0.0172280502        0.0032502552
        0.0174277481        0.0033699153
        0.0176297575        0.0034936576
        0.0178341027        0.0036216106
        0.0180408154        0.0037539075
        0.0182499327        0.0038906783
        0.0184614696        0.0040320666
        0.0186754577        0.0041782050
        0.0188919269        0.0043292362
        0.0191109087        0.0044853264
        0.0193324257        0.0046466039
        0.0195565093        0.0048132427
        0.0197831914        0.0049853981
        0.0200124998        0.0051632323
        0.0202444680        0.0053469180
        0.0204791240        0.0055366228
        0.0207164995        0.0057325256
        0.0209566262        0.0059348140
        0.0211995412        0.0061436775
        0.0214452613        0.0063592931
        0.0216938369        0.0065818713
        0.0219452921        0.0068116044
        0.0221996624        0.0070487019
        0.0224569812        0.0072933808
        0.0227172822        0.0075458544
        0.0229806006        0.0078063421
        0.0232469700        0.0080750687
        0.0235164277        0.0083522759
        0.0237890147        0.0086381948
        0.0240647569        0.0089330738
        0.0243436936        0.0092371628
        0.0246258639        0.0095507093
        0.0249113049        0.0098739769
        0.0252000540        0.0102072516
        0.0254921503        0.0105507821
        0.0257876329        0.0109048625
        0.0260865390        0.0112697883
        0.0263889041        0.0116458256
        0.0266947877        0.0120332958
        0.0270042084        0.0124325091
        0.0273172185        0.0128437644
        0.0276338551        0.0132673746
        0.0279541612        0.0137036880
        0.0282781813        0.0141530279
        0.0286059566        0.0146157518
        0.0289375298        0.0150921745
        0.0292729493        0.0155826844
        0.0296122618        0.0160876196
        0.0299555007        0.0166073777
        0.0303027164        0.0171423052
        0.0306539591        0.0176928248
        0.0310092717        0.0182593074
        0.0313687027        0.0188421365
        0.0317323022        0.0194417741
        0.0321001150        0.0200585965
        0.0324721821        0.0206930172
        0.0328485705        0.0213455409
        0.0332293287        0.0220165532
        0.0336144939        0.0227065012
        0.0340041220        0.0234158579
        0.0343982689        0.0241451133
        0.0347969830        0.0248947032
        0.0352003165        0.0256651342
        0.0356083289        0.0264569018
        0.0360210687        0.0272705238
        0.0364385918        0.0281064641
        0.0368609540        0.0289652832
        0.0372882225        0.0298475139
        0.0377204344        0.0307536777
        0.0381576568        0.0316843167
        0.0385999456        0.0326399840
        0.0390473604        0.0336212181
        0.0394999608        0.0346286781
        0.0399577990        0.0356628746
        0.0404209569        0.0367244147
        0.0408894792        0.0378139503
        0.0413634330        0.0389320478
        0.0418428890        0.0400793143
        0.0423278958        0.0412564240
        0.0428185239        0.0424639545
        0.0433148369        0.0437025763
        0.0438169017        0.0449729674
        0.0443247892        0.0462758131
        0.0448385626        0.0476116948
        0.0453582928        0.0489814319
        0.0458840430        0.0503856242
        0.0464159027        0.0518250428
        0.0469539128        0.0533002876
        0.0474981591        0.0548121743
        0.0480487160        0.0563614294
        0.0486056544        0.0579487644
        0.0491690449        0.0595749952
        0.0497389585        0.0612407811
        0.0503154881        0.0629469827
        0.0508987010        0.0646943152
        0.0514886715        0.0664835945
        0.0520854928        0.0683156401
        0.0526892208        0.0701912567
        0.0532999486        0.0721112341
        0.0539177544        0.0740763769
        0.0545427203        0.0760875717
        0.0551749431        0.0781457126
        0.0558144674        0.0802514702
        0.0564614311        0.0824059620
        0.0571158677        0.0846098512
        0.0577779189        0.0868641287
        0.0584476143        0.0891696811
        0.0591250993        0.0915274471
        0.0598104112        0.0939382538
        0.0605036654        0.0964030549
        0.0612050146        0.0989229903
        0.0619144328        0.1014986783
        0.0626321062        0.1041313335
        0.0633580610        0.1068217680
        0.0640924722        0.1095710546
        0.0648353547        0.1123800948
        0.0655868873        0.1152500585
        0.0663470924        0.1181817576
        0.0671161413        0.1211765483
        0.0678940788        0.1242349520
        0.0686810315        0.1273584664
        0.0694771335        0.1305481493
        0.0702824369        0.1338048130
        0.0710970983        0.1371298432
        0.0719211772        0.1405240297
        0.0727548376        0.1439888626
        0.0735981315        0.1475252062
        0.0744512305        0.1511344314
        0.0753141865        0.1548174471
        0.0761872157        0.1585759372
        0.0770702884        0.1624104381
        0.0779636428        0.1663226336
        0.0788673088        0.1703135222
        0.0797814801        0.1743847281
        0.0807062164        0.1785369217
        0.0816417113        0.1827721298
        0.0825880095        0.1870909184
        0.0835453197        0.1914954334
        0.0845136791        0.1959862560
        0.0854932666        0.2005653232
        0.0864842460        0.2052339613
        0.0874866694        0.2099933475
        0.0885007605        0.2148452997
        0.0895265639        0.2197909653
        0.0905642956        0.2248320580
        0.0916140154        0.2299699485
        0.0926759392        0.2352064997
        0.0937501341        0.2405429035
        0.0948368236        0.2459812760
        0.0959361121        0.2515228987
        0.0970481411        0.2571696639
        0.0981730074        0.2629228532
        0.0993109643        0.2687849104
        0.1004620641        0.2747566998
        0.1016265601        0.2808411419
        0.1028044969        0.2870392203
        0.1039960906        0.2933530807
        0.1052015424        0.2997847497
        0.1064209193        0.3063359857
        0.1076544821        0.3130094409
        0.1089022905        0.3198061585
        0.1101646125        0.3267289102
        0.1114415154        0.3337792754
        0.1127332747        0.3409605324
        0.1140399501        0.3482732475
        0.1153618246        0.3557206690
        0.1166989654        0.3633050323
        0.1180516630        0.3710286915
        0.1194200441        0.3788935542
        0.1208042800        0.3869026005
        0.1222045049        0.3950578868
        0.1236210167        0.4033623636
        0.1250538975        0.4118177295
        0.1265034378        0.4204273224
        0.1279697269        0.4291935861
        0.1294530034        0.4381190836
        0.1309535354        0.4472070336
        0.1324713975        0.4564594626
        0.1340069175        0.4658801854
        0.1355601698        0.4754711688
        0.1371314973        0.4852360189
        0.1387209743        0.4951770902
        0.1403289288        0.5052980185
        0.1419554651        0.5156014562
        0.1436009258        0.5260910392
        0.1452653706        0.5367695689
        0.1469492018        0.5476408005
        0.1486525387        0.5587073565
        0.1503756195        0.5699732304
        0.1521186084        0.5814413428
        0.1538818628        0.5931155086
        0.1556654871        0.6049988866
        0.1574697793        0.6170956492
        0.1592950672        0.6294095516
        0.1611414403        0.6419438720
        0.1630092859        0.6547030210
        0.1648986936        0.6676904559
        0.1668100953        0.6809108257
        0.1687435657        0.6943671107
        0.1706995368        0.7080646157
        0.1726780832        0.7220065594
        0.1746796519        0.7361984849
        0.1767043471        0.7506443262
        0.1787525862        0.7653486729
        0.1808244735        0.7803154588
        0.1829204708        0.7955513000
        0.1850406826        0.8110588193
        0.1871856451        0.8268461823
        0.1893552840        0.8429153562
        0.1915501654        0.8592745066
        0.1937703937        0.8759263754
        0.1960163713        0.8928782940
        0.1982884556        0.9101373553
        0.2005867958        0.9277070165
        0.2029118538        0.9455956817
        0.2052637786        0.9638087153
        0.2076430619        0.9823530912
        0.2100498229        1.0012353659
        0.2124845833        1.0204644203
        0.2149474621        1.0400457382
        0.2174389958        1.0599877834
        0.2199593037        1.0802981853
        0.2225089222        1.1009864807
        0.2250880003        1.1220588684
        0.2276970595        1.1435265541
        0.2303362787        1.1653969288
        0.2330062836        1.1876827478
        0.2357070297        1.2103893757
        0.2384391874        1.2335294485
        0.2412029058        1.2571138144
        0.2439986616        1.2811523676
        0.2468269318        1.3056579828
        0.2496878654        1.3306415081
        0.2525820732        1.3561171293
        0.2555097342        1.3820935488
        0.2584714293        1.4085875750
        0.2614673376        1.4356105328
        0.2644980848        1.4631780386
        0.2675638497        1.4913032055
        0.2706652880        1.5200031996
        0.2738025188        1.5492898226
        0.2769762576        1.5791834593
        0.2801866531        1.6096979380
        0.2834343910        1.6408510208
        0.2867196500        1.6726592779
        0.2900432348        1.7051450014
        0.2934050858        1.7383216619
        0.2968059182        1.7726887465
        0.3002462983        1.8072528839
        0.3037264049        1.8425743580
        0.3072469831        1.8786762953
        0.3108082414        1.9155777693
        0.3144109249        1.9533032179
        0.3180552423        1.9918737411
        0.3217419088        2.0313138962
        0.3254711926        2.0716464520
        0.3292438388        2.1128976345
        0.3330600560        2.1550917625
        0.3369206786        2.1982579231
        0.3408258557        2.2424192429
        0.3447764814        2.2876064777
        0.3487727642        2.3338468075
        0.3528155088        2.3811726570
        0.3569049239        2.4296107292
        0.3610421121        2.4791994095
        0.3652268946        2.5299601555
        0.3694601953        2.5819339752
        0.3737427294        2.6351552010
        0.3780747354        2.6896550655
        0.3824571371        2.7454745770
        0.3868901432        2.8026461601
        0.3913747072        2.8612127304
        0.3959110677        2.9212095737
        0.4005002081        2.9826827049
        0.4051423669        3.0456678867
        0.4098384976        3.1102137566
        0.4145888984        3.1763582230
        0.4193945229        3.2441542149
        0.4242556691        3.3136408329
        0.4291733503        3.3848729134
        0.4341478348        3.4578936100
        0.4391801953        3.5327601433
        0.4442706704        3.6095173359
        0.4494206011        3.6882286072
        0.4546297491        3.7689349651
        0.4598993063        3.8517012596
        0.4652301669        3.9365873337
        0.4706225693        4.0236449242
        0.4760777354        4.1129441261
        0.4815958738        4.2045378685
        0.4871782064        4.2984995842
        0.4928250313        4.3948869705
        0.4985375404        4.4937734604
        0.5043160319        4.5952224731
        0.5101616979        4.6993122101
        0.5160749555        4.8061079979
        0.5220569372        4.9156894684
        0.5281080008        5.0281262398
        0.5342295170        5.1435060501
        0.5404216647        5.2618970871
        0.5466858745        5.3833942413
        0.5530224442        5.5080690384
        0.5594324470        5.6360139847
        0.5659173131        5.7673234940
        0.5724767447        5.9020705223
        0.5791125298        6.0403585434
        0.5858249664        6.1822733879
        0.5926154256        6.3279209137
        0.5994843841        6.4773893356
        0.6064332128        6.6307878494
        0.6134622693        6.7882070541
        0.6205731630        6.9497652054
        0.6277661324        7.1155524254
        0.6350427866        7.2856926918
        0.6424034834        7.4602832794
        0.6498497725        7.6394486427
        0.6573820710        7.8232965469
        0.6650020480        8.0119495392
        0.6727100015        8.2055187225
        0.6805076003        8.4041404724
        0.6883952618        8.6079177856
        0.6963743567        8.8169918060
        0.7044466138        9.0315036774
        0.7126117349        9.2515497208
        0.7208718657        9.4772920609
        0.7292273641        9.7088441849
        0.7376801372        9.9463644028
        0.7462304831       10.1899728775
        0.7548802495       10.4398269653
        0.7636299729       10.6960554123
        0.7724815011       10.9588203430
        0.7814351916       11.2282505035
        0.7904930711       11.5045194626
        0.7996555567       11.7877511978
        0.8089246750       12.0781297684
        0.8183007836       12.3757820129
        0.8277860284       12.6808958054
        0.8373807669       12.9936008453
        0.8470871449       13.3140850067
        0.8569055796       13.6424875259
        0.8668378592       13.9789848328
        0.8768860698       14.3237733841
        0.8870499730       14.6769704819
        0.8973320723       15.0387792587
        0.9077329040       15.4093494415
        0.9182547331       15.7888784409
        0.9288980961       16.1775188446
        0.9396653175       16.5754756927
        0.9505568147       16.9828872681
        0.9615750313       17.3999710083
        0.9727205038       17.8268775940
        0.9839956760       18.2638149261
        0.9954010248       18.7109298706
        1.0069390535       19.1684532166
        1.0186103582       19.6365089417
        1.0304174423       20.1153469086
        1.0423607826       20.6050949097
        1.0544426441       21.1059627533
        1.0666650534       21.6181621552
        1.0790286064       22.1418418884
        1.0915360451       22.6772251129
        1.1041884422       23.2244720459
        1.1169874668       23.7837867737
        1.1299343109       24.3553256989
        1.1430317163       24.9393215179
        1.1562805176       25.5359268188
        1.1696833372       26.1453666687
        1.1832408905       26.7677841187
        1.1969562769       27.4034214020
        1.2108300924       28.0524139404
        1.2248651981       28.7150020599
        1.2390624285       29.3913040161
        1.2534248829       30.0815887451
        1.2679531574       30.7859745026
        1.2826503515       31.5046997070
        1.2975174189       32.2378997803
        1.3125567436       32.9857826233
        1.3277710676       33.7485694885
        1.3431609869       34.5263710022
        1.3587300777       35.3194503784
        1.3744795322       36.1279411316
        1.3904116154       36.9520339966
        1.4065277576       37.7918777466
        1.4228312969       38.6477050781
        1.4393230677       39.5196456909
        1.4560067654       40.4079399109
        1.4728831053       41.3126869202
        1.4899559021       42.2341423035
        1.5072257519       43.1723937988
        1.5246964693       44.1277236938
        1.5423690081       45.1002044678
        1.5602471828       46.0900802612
        1.5783317089       47.0974540710
        1.5966260433       48.1225624084
        1.6151330471       49.1655845642
        1.6338537931       50.2266044617
        1.6527923346       51.3059082031
        1.6719496250       52.4035568237
        1.6913298368       53.5198211670
        1.7109338045       54.6547546387
        1.7307666540       55.8086967468
        1.7508276701       56.9816017151
        1.7711220980       58.1738014221
        1.7916508913       59.3853492737
        1.8124185801       60.6165313721
        1.8334261179       61.8673896790
        1.8546779156       63.1382141113
        1.8761752844       64.4290847778
        1.8979226351       65.7402420044
        1.9199211597       67.0717468262
        1.9421756268       68.4239044189
        1.9646871090       69.7967453003
        1.9874595404       71.1905441284
        2.0104968548       72.6054611206
        2.0338003635       74.0416183472
        2.0573747158       75.4992446899
        2.0812215805       76.9784545898
        2.1053457260       78.4794845581
        2.1297483444       80.0024261475
        2.1544361115       81.5476531982
        2.1794078350       83.1150360107
        2.2046701908       84.7050170898
        2.2302241325       86.3175811768
        2.2560753822       87.9530715942
        2.2822253704       89.6115264893
        2.3086793423       91.2932891846
        2.3354389668       92.9983673096
        2.3625097275       94.7270965576
        2.3898932934       96.4795608521
        2.4175953865       98.2560653687
        2.4456174374      100.0566253662
        2.4739642143      101.8815612793
        2.5026407242      103.7310867310
        2.5316483974      105.6052551270
        2.5609936714      107.5044937134
        2.5906777382      109.4287490845
        2.6207072735      111.3784255981
        2.6510834694      113.3535461426
        2.6818144321      115.3545532227
        2.7128989697      117.3813629150
        2.7443451881      119.4344177246
        2.7761545181      121.5137176514
        2.8083338737      123.6196899414
        2.8408846855      125.7523498535
        2.8738143444      127.9120788574
        2.9071245193      130.0989837646
        2.9408218861      132.3133850098
        2.9749085903      134.5553894043
        3.0093903542      136.8252410889
        3.0442745686      139.1233825684
        3.0795602798      141.4496917725
        3.1152551174      143.8046112061
        3.1513636112      146.1883087158
        3.1878936291      148.6012268066
        3.2248442173      151.0433044434
        3.2622227669      153.5148620605
        3.3000347614      156.0161895752
        3.3382883072      158.5477600098
        3.3769817352      161.1093902588
        3.4161238670      163.7015380859
        3.4557197094      166.3244934082
        3.4957778454      168.9786834717
        3.5362968445      171.6639404297
        3.5772857666      174.3807830811
        3.6187493801      177.1294555664
        3.6606938839      179.9102478027
        3.7031316757      182.7238311768
        3.7460539341      185.5695953369
        3.7894740105      188.4482727051
        3.8333973885      191.3601379395
        3.8778295517      194.3054809570
        3.9227807522      197.2848052979
        3.9682490826      200.2979278564
        4.0142445564      203.3453369141
        4.0607733727      206.4274139404
        4.1078448296      209.5446166992
        4.1554584503      212.6967315674
        4.2036237717      215.8842620850
        4.2523474693      219.1075897217
        4.3016395569      222.3672332764
        4.3514995575      225.6629943848
        4.4019370079      228.9953155518
        4.4529595375      232.3646087646
        4.5045771599      235.7714080811
        4.5567893982      239.2154235840
        4.6096062660      242.6972351074
        4.6630353928      246.2171478271
        4.7170844078      249.7755279541
        4.7717638016      253.3728179932
        4.8270726204      257.0087890625
        4.8830227852      260.6839904785
        4.9396209717      264.3987426758
        4.9968800545      268.1536560059
        5.0547981262      271.9483947754
        5.1133880615      275.7835693359
        5.1726565361      279.6593322754
        5.2326169014      283.5763549805
        5.2932672501      287.5343322754
        5.3546209335      291.5338439941
        5.4166855812      295.5751342773
        5.4794750214      299.6587829590
        5.5429868698      303.7844848633
        5.6072344780      307.9528198242
        5.6722273827      312.1640319824
        5.7379732132      316.4183654785
        5.8044924736      320.7169494629
        5.8717713356      325.0585327148
        5.9398303032      329.4441528320
        6.0086779594      333.8741455078
        6.0783295631      338.3489990234
        6.1487827301      342.8685607910
        6.2200522423      347.4331970215
        6.2921481133      352.0435180664
        6.3650856018      356.6998901367
        6.4388623238      361.4019470215
        6.5134944916      366.1505432129
        6.5889916420      370.9458312988
        6.6653699875      375.7885742188
        6.7426271439      380.6782531738
        6.8207802773      385.6156005859
        6.8998389244      390.6009826660
        6.9798207283      395.6350708008
        7.0607228279      400.7172546387
        7.1425623894      405.8484191895
        7.2253508568      411.0287780762
        7.3090991974      416.2586364746
        7.3938245773      421.5387268066
        7.4795255661      426.8684692383
        7.5662198067      432.2486572266
        7.6539187431      437.6794738770
        7.7426414490      443.1616516113
        7.8323855400      448.6945495605
        7.9231696129      454.2790222168
        8.0150060654      459.9151916504
        8.1079139709      465.6038208008
        8.2018918991      471.3442993164
        8.2969589233      477.1372985840
        8.3931283951      482.9831237793
        8.4904193878      488.8823547363
        8.5888309479      494.8345031738
        8.6883831024      500.8402099609
        8.7890882492      506.8996887207
        8.8909616470      513.0133666992
        8.9940242767      519.1818847656
        9.0982818604      525.4051513672
        9.2037382126      531.6828613281
        9.3104171753      538.0158691406
        9.4183425903      544.4050292969
        9.5275087357      550.8493652344
        9.6379413605      557.3500366211
        9.7496528625      563.9069824219
        9.8626689911      570.5213012695
        9.9769859314      577.1923828125
       10.0926275253      583.9204711914
       10.2096099854      590.7064208984
       10.3279581070      597.5507812500
       10.4476680756      604.4526977539
       10.5687656403      611.4132080078
       10.6912670135      618.4323730469
       10.8151874542      625.5104370117
       10.9405555725      632.6483154297
       11.0673656464      639.8450317383
       11.1956462860      647.1015625000
       11.3254137039      654.4179077148
       11.4566955566      661.7950439453
       11.5894880295      669.2321166992
       11.7238206863      676.7298583984
       11.8597097397      684.2886352539
       11.9971857071      691.9094238281
       12.1362428665      699.5909423828
       12.2769126892      707.3342285156
       12.4192123413      715.1397094727
       12.5631742477      723.0085449219
       12.7087917328      730.9393310547
       12.8560972214      738.9334106445
       13.0051107407      746.9899902344
       13.1558513641      755.1107788086
       13.3083515167      763.2958984375
       13.4626064301      771.5446166992
       13.6186504364      779.8577270508
       13.7765016556      788.2351684570
       13.9361963272      796.6779785156
       14.0977430344      805.1856689453
       14.2611474991      813.7581176758
       14.4264469147      822.3965454102
       14.5936756134      831.1011962891
       14.7628288269      839.8705444336
       14.9339427948      848.7059326172
       15.1070394516      857.6082763672
       15.2821578979      866.5784301758
       15.4592914581      875.6152343750
       15.6384773254      884.7188720703
       15.8197412491      893.8898315430
       16.0031204224      903.1292724609
       16.1886100769      912.4367065430
       16.3762512207      921.8131713867
       16.5660648346      931.2581176758
       16.7580795288      940.7710571289
       16.9523372650      950.3535766602
       17.1488285065      960.0043334961
       17.3475990295      969.7258300781
       17.5486717224      979.5173339844
       17.7520942688      989.3797607422
       17.9578552246      999.3099365234
       18.1660022736     1009.3103637695
       18.3765621185     1019.3824462891
       18.5895805359     1029.5280761719
       18.8050498962     1039.7445068359
       19.0230159760     1050.0308837891
       19.2435092926     1060.3879394531
       19.4665775299     1070.8178710938
       19.6922111511     1081.3210449219
       19.9204597473     1091.8981933594
       20.1513557434     1102.5482177734
       20.3849277496     1113.2685546875
       20.6212253571     1124.0611572266
       20.8602428436     1134.9272460938
       21.1020317078     1145.8703613281
       21.3466224670     1156.8887939453
       21.5940685272     1167.9808349609
       21.8443622589     1179.1424560547
       22.0975780487     1190.3795166016
       22.3537082672     1201.6932373047
       22.6128292084     1213.0869140625
       22.8749313354     1224.5550537109
       23.1400718689     1236.0957031250
       23.4082851410     1247.7084960938
       23.6796283722     1259.3983154297
       23.9540958405     1271.1680908203
       24.2317447662     1283.0184326172
       24.5126113892     1294.9445800781
       24.7967338562     1306.9423828125
       25.0841732025     1319.0158691406
       25.3749198914     1331.1676025391
       25.6690368652     1343.4029541016
       25.9665641785     1355.7194824219
       26.2675647736     1368.1126708984
       26.5720272064     1380.5767822266
       26.8800201416     1393.1164550781
       27.1915836334     1405.7393798828
       27.5067825317     1418.4498291016
       27.8256092072     1431.2410888672
       28.1481323242     1444.1074218750
       28.4743938446     1457.0471191406
       28.8044643402     1470.0644531250
       29.1383323669     1483.1668701172
       29.4760704041     1496.3587646484
       29.8177242279     1509.6340332031
       30.1633663177     1522.9847412109
       30.5129852295     1536.4058837891
       30.8666572571     1549.9062500000
       31.2244281769     1563.4980468750
       31.5863456726     1577.1844482422
       31.9524898529     1590.9550781250
       32.3228454590     1604.7950439453
       32.6974945068     1618.7033691406
       33.0764884949     1632.6953125000
       33.4599037170     1646.7880859375
       33.8477325439     1660.9802246094
       34.2400588989     1675.2536621094
       34.6369628906     1689.5897216797
       35.0384674072     1703.9916992188
       35.4445953369     1718.4858398438
       35.8554267883     1733.0933837891
       36.2710227966     1747.8035888672
       36.6914710999     1762.5853271484
       37.1167564392     1777.4150390625
       37.5469703674     1792.3159179688
       37.9821739197     1807.3316650391
       38.4224205017     1822.4737548828
       38.8678054810     1837.7110595703
       39.3183174133     1852.9931640625
       39.7740478516     1868.3165283203
       40.2350654602     1883.7347412109
       40.7014617920     1899.2974853516
       41.1732254028     1914.9895019531
       41.6504592896     1930.7469482422
       42.1332244873     1946.5217285156
       42.6216239929     1962.3496093750
       43.1156463623     1978.3155517578
       43.6153945923     1994.4500732422
       44.1209335327     2010.6942138672
       44.6323776245     2026.9547119141
       45.1497039795     2043.2149658203
       45.6730270386     2059.5769042969
       46.2024192810     2076.1308593750
       46.7379417419     2092.8535156250
       47.2797203064     2109.6303710938
       47.8277359009     2126.3662109375
       48.3820991516     2143.1303710938
       48.9428901672     2160.0800781250
       49.5102272034     2177.2597656250
       50.0840911865     2194.5578613281
       50.6646118164     2211.8188476562
       51.2518577576     2229.0224609375
       51.8459587097     2246.3486328125
       52.4468994141     2263.9482421875
       53.0548019409     2281.7563476562
       53.6697540283     2299.5783691406
       54.2919349670     2317.2824707031
       54.9212265015     2334.9938964844
       55.5578117371     2352.9726562500
       56.2017745972     2371.2604980469
       56.8532524109     2389.6535644531
       57.5122337341     2407.9150390625
       58.1788482666     2426.0627441406
       58.8531913757     2444.3884277344
       59.5353507996     2463.1081542969
       60.2254753113     2482.0603027344
       60.9235382080     2500.9257812500
       61.6296958923     2519.5810546875
       62.3440361023     2538.2670898438
       63.0667190552     2557.3540039062
       63.7977142334     2576.8330078125
       64.5371856689     2596.3229980469
       65.2852249146     2615.5568847656
       66.0419998169     2634.6625976562
       66.8074874878     2654.0656738281
       67.5818405151     2674.0029296875
       68.3651733398     2694.1301269531
       69.1576538086     2713.9985351562
       69.9592437744     2733.5925292969
       70.7701339722     2753.3273925781
       71.5904235840     2773.6306152344
       72.4202194214     2794.3647460938
       73.2596969604     2814.9201660156
       74.1088409424     2835.0712890625
       74.9678268433     2855.1911621094
       75.8367691040     2875.7985839844
       76.7158508301     2897.0541992188
       77.6050567627     2918.3400878906
       78.5045700073     2939.1223144531
       79.4145050049     2959.6730957031
       80.3350601196     2980.6025390625
       81.2662124634     3002.2558593750
       82.2081604004     3024.2595214844
       83.1610183716     3045.7705078125
       84.1250915527     3066.8078613281
       85.1001739502     3088.0815429688
       86.0865554810     3110.0710449219
       87.0843734741     3132.6933593750
       88.0937576294     3155.0239257812
       89.1149215698     3176.6301269531
       90.1478424072     3198.2553710938
       91.1927337646     3220.5893554688
       92.2497329712     3243.6914062500
       93.3190765381     3266.8693847656
       94.4007263184     3289.1760253906
       95.4949111938     3311.1701660156
       96.6017837524     3333.8425292969
       97.7215728760     3357.3696289062
       98.8542480469     3381.2844238281
      100.0000534058     3404.4594726562